lstm/lstm_cell/kernel:0
(1, 320)
[[ 8.83680210e-02  9.12597552e-02  1.21735251e-02 -7.19456375e-02
   1.40301421e-01 -7.36405924e-02  1.03718758e-01 -1.91026732e-01
  -1.38320262e-04  3.81525606e-02 -1.06747761e-01 -1.22752801e-01
  -7.17659220e-02  1.55085981e-01 -5.80510460e-02 -5.18449061e-02
  -4.00914401e-02 -1.81988642e-01  7.52293617e-02  5.97339086e-02
   1.26770109e-01  1.22954816e-01 -5.05570974e-03  2.19290107e-02
  -1.35968002e-02  7.39370063e-02 -7.45001584e-02  9.62629691e-02
  -4.76542264e-02  3.16587277e-02  1.03634857e-01  9.67331678e-02
   3.72256152e-02 -1.56455301e-02 -7.65007511e-02  5.49289919e-02
   6.25312030e-02  6.20726384e-02 -1.02442421e-01  4.11647186e-02
   1.18092619e-01  1.17630161e-01  1.22259006e-01  1.34087175e-01
  -3.31307738e-03  2.55904999e-02 -3.37434448e-02  1.58222362e-01
   6.38182610e-02 -1.34496272e-01 -8.50331709e-02 -7.91557599e-04
   9.82336402e-02  2.50529815e-02  1.20393736e-02  5.37221208e-02
   6.00908697e-02 -7.41093382e-02 -5.96319214e-02 -1.11117914e-01
   5.80940023e-03  2.12896825e-03 -5.84556945e-02 -1.80344656e-01
   3.00267320e-02  1.06142625e-01  1.60786927e-01  1.51178211e-01
   1.00985423e-01 -1.00957140e-01  2.63853762e-02  7.10688811e-03
  -2.18452886e-02  1.22565769e-01 -2.23904885e-02 -9.24824551e-02
   1.12333782e-01  1.12431936e-01  1.16628438e-01  3.14630568e-02
   8.18494782e-02 -7.00926408e-02  1.19181879e-01 -1.10640824e-02
  -1.37877360e-03  2.22087521e-02  7.35107884e-02  1.45810843e-03
   1.28238156e-01  2.43778769e-02 -9.55185369e-02 -2.06583440e-02
  -8.82891640e-02  1.55166373e-01 -5.57493642e-02 -6.87728152e-02
   9.36698616e-02  4.94336523e-02  1.68202385e-01 -7.15367869e-02
  -5.83007149e-02  7.54316896e-02  5.23200519e-02 -1.79702491e-01
   1.17132962e-01  9.33644697e-02  5.79177961e-03  1.05679505e-01
   1.00234538e-01  1.20418780e-01  7.29150772e-02  3.17396298e-02
   1.07938752e-01 -1.66628867e-01 -6.98565915e-02 -1.03097714e-01
  -1.21699154e-01  1.02381445e-01 -5.70560060e-02 -2.96406485e-02
  -2.19085235e-02  9.58196297e-02  6.30498528e-02  1.16800264e-01
  -3.08024362e-02 -8.58828872e-02  8.29876587e-02  9.86991152e-02
  -1.07738823e-01 -8.30826685e-02  4.17289436e-02  1.23493541e-02
   7.89008364e-02  1.58725917e-01  4.22799252e-02 -4.06154059e-02
   6.17096573e-02  9.58148576e-03  5.20331860e-02 -4.46362980e-02
   1.31230488e-01  8.51132870e-02 -9.14292317e-03 -1.54007763e-01
   4.95293550e-02  1.28611535e-01 -2.36429158e-03  7.71952271e-02
   1.04061335e-01  1.18742086e-01  2.83826645e-02  6.99856058e-02
  -2.50049513e-02  1.17002778e-01  1.60358995e-01  2.57779658e-03
   6.90828264e-02 -3.66252027e-02 -4.10538688e-02 -1.08335800e-02
  -1.29004434e-01 -6.97363764e-02 -1.28846616e-01  3.43052372e-02
  -6.08922392e-02  1.26131371e-01 -9.22425687e-02 -3.54534499e-02
  -8.20898190e-02  9.49139819e-02  1.92639716e-02  1.37086324e-02
  -3.11365025e-03  2.19789036e-02 -1.00941010e-01  1.15347825e-01
  -1.23662643e-01 -2.11242121e-02  1.00435093e-01 -2.96841264e-02
  -1.27635673e-01 -8.17315951e-02 -9.14589539e-02  9.28867050e-03
  -1.28824031e-02 -8.59433785e-02 -1.31221622e-01 -8.50721076e-02
   1.32232800e-01  5.64466789e-02 -4.74672113e-03  1.10317208e-01
   3.44515033e-02  1.16936276e-02 -7.68273100e-02  5.37848473e-02
  -2.28894432e-03  1.87628027e-02  3.04525462e-03  7.74185732e-02
   6.71189204e-02  7.14922920e-02 -2.80245356e-02  9.96960551e-02
   8.36858228e-02  1.15065329e-01  1.36023369e-02  8.05681124e-02
   4.25527841e-02  1.07212536e-01 -1.14660941e-01  1.05403140e-01
  -1.98615380e-02  8.46724212e-02 -3.26419510e-02  9.00850371e-02
  -7.42578581e-02  6.97680265e-02  8.68427977e-02  5.34927892e-03
   5.60976528e-02 -1.99922342e-02 -4.03059125e-02  6.89857528e-02
  -4.93655168e-02  1.59621891e-02 -1.01306506e-01  1.09087445e-01
   5.98184951e-02 -3.15854214e-02  6.47420213e-02 -2.74824519e-02
   3.62694114e-02 -9.84051302e-02  1.26377150e-01 -9.30484384e-03
   1.34479344e-01  7.72622302e-02  1.06456883e-01  2.70839017e-02
  -3.71160060e-02 -7.59091377e-02  1.62165120e-01  1.52194425e-01
   8.45471025e-02  3.05685475e-02 -6.09346814e-02 -1.33426130e-01
  -8.97239894e-02 -4.69325893e-02 -4.77550365e-02 -1.49416670e-01
  -5.28061539e-02  4.48116921e-02  5.57117909e-03  3.54414880e-02
   5.35426196e-03 -1.08883388e-01 -1.13141518e-02 -2.51477603e-02
   2.47652754e-02  6.22057766e-02 -4.63799201e-02 -1.49586096e-01
   9.89621952e-02  3.67884734e-03  9.37047899e-02  9.32475850e-02
  -6.77040368e-02  1.72203686e-02 -2.88144574e-02  6.88182637e-02
   7.80592784e-02 -1.51622862e-01  8.32075998e-02 -5.02323769e-02
   1.08252384e-01 -1.27789835e-02 -6.88305944e-02 -7.14661479e-02
   4.72711213e-02  5.97069226e-02 -1.09432720e-01  5.26188221e-03
   1.13695398e-01  9.18241069e-02 -6.93281442e-02  9.47046205e-02
   1.30805597e-01  1.24287210e-01  9.38573554e-02  3.56475543e-03
   2.51988936e-02  1.36982769e-01  9.25888047e-02 -8.00629631e-02
  -3.68665121e-02 -1.49605811e-01  9.94838774e-02  3.56508456e-02
  -1.16331792e-02 -2.01457180e-02 -1.24923088e-01 -2.22316012e-01
  -5.36038950e-02 -2.99931206e-02  3.26406471e-02 -4.55373898e-02
   4.27883677e-02  1.23871803e-01 -9.93102416e-02 -3.80170159e-02
  -3.37083787e-02 -2.21867356e-02  7.45301181e-03  8.45606551e-02
  -7.26177022e-02 -1.06594495e-01 -2.20739841e-02  1.06487140e-01]]
lstm/lstm_cell/recurrent_kernel:0
(80, 320)
[[ 0.06599914 -0.12391746 -0.00451949 ... -0.02952021  0.00401184
  -0.10380923]
 [ 0.01752332 -0.10409603  0.08378128 ... -0.07324185  0.04473063
   0.00854983]
 [-0.02518749 -0.04340577 -0.0331013  ...  0.08284231  0.03704933
  -0.0397155 ]
 ...
 [ 0.09565639  0.05947397  0.03199057 ...  0.0225725   0.02690498
  -0.00784125]
 [ 0.12821993 -0.00732265  0.04629372 ...  0.05269949  0.13042654
   0.03994721]
 [ 0.01832154  0.03694793  0.06641371 ...  0.06196166 -0.02350269
  -0.02291846]]
lstm/lstm_cell/bias:0
(320,)
[-8.08133092e-03 -1.70031432e-02 -5.36489021e-03 -2.00507715e-02
 -1.83106270e-02 -6.18830789e-03 -6.98500872e-03 -1.36268169e-01
 -1.57423764e-02 -2.56715938e-02 -4.21368033e-02 -1.52302265e-01
 -6.33020401e-02 -1.59445666e-02 -6.30746642e-03 -4.35911072e-03
 -1.25538893e-02 -4.67712507e-02 -2.19368152e-02 -5.00305407e-02
 -2.43069809e-02 -2.29516029e-02 -9.55010578e-03 -5.48246317e-02
 -6.65554255e-02 -2.75497250e-02 -3.44416592e-03 -1.37520069e-02
 -2.10784399e-03 -4.21499349e-02 -1.08764367e-02 -7.08820159e-03
 -3.79174501e-02 -4.53657843e-02 -1.32295927e-02 -1.11487545e-02
 -9.11035016e-02 -1.41001819e-02 -1.66640338e-02 -6.13739714e-03
 -4.61816881e-03 -2.12447420e-02 -1.40289720e-02 -1.97026283e-02
 -1.72333848e-02 -1.76310055e-02 -4.50890996e-02 -6.58977963e-03
 -2.54849065e-02 -1.57549679e-02 -3.80227854e-03 -2.75838235e-03
 -1.57782994e-02 -3.16282874e-03 -3.87167670e-02 -2.88400380e-03
 -7.01256655e-03 -6.28079548e-02 -1.63670536e-03 -6.73625469e-02
 -1.20844739e-02 -5.58565259e-02 -2.31359806e-02 -1.39887437e-01
 -1.73693486e-02 -1.40514160e-02 -1.04205506e-02 -1.54927699e-02
 -9.33080725e-03 -2.34855730e-02 -1.87395550e-02 -7.39866719e-02
 -8.12356248e-02 -4.18602536e-03 -1.51813440e-02 -7.14478642e-02
 -3.69617133e-03 -1.86154619e-02 -5.89695200e-03 -6.96386471e-02
  9.95399714e-01  9.89624262e-01  9.97203231e-01  9.84581769e-01
  9.87442255e-01  9.94304597e-01  9.97867405e-01  8.43949616e-01
  9.90883887e-01  9.88380492e-01  9.68472898e-01  8.54645729e-01
  9.49669182e-01  9.84458864e-01  9.95776772e-01  9.99240100e-01
  9.88084972e-01  9.52918649e-01  9.90169704e-01  9.58600521e-01
  9.85656738e-01  9.85283077e-01  9.91914809e-01  9.41546082e-01
  9.31834102e-01  9.89564300e-01  9.97214437e-01  9.93234217e-01
  1.00037348e+00  9.62963879e-01  9.91698027e-01  9.95857775e-01
  9.69894350e-01  9.53024507e-01  9.92884219e-01  9.89754796e-01
  9.42381203e-01  9.86719787e-01  9.81830418e-01  9.96983171e-01
  9.98177052e-01  9.83296275e-01  9.88288999e-01  9.93531108e-01
  9.85737026e-01  9.84934270e-01  9.49486256e-01  9.97069180e-01
  9.77091789e-01  9.84409153e-01  9.95161295e-01  1.00010180e+00
  9.89758730e-01  1.00021732e+00  9.62255657e-01  9.99709666e-01
  9.95585263e-01  9.46578801e-01  1.00033844e+00  9.31967735e-01
  9.88776565e-01  9.46958601e-01  9.81316686e-01  8.36725652e-01
  9.88650322e-01  9.90224838e-01  9.93679941e-01  9.90188837e-01
  9.96923923e-01  9.77623880e-01  9.86525536e-01  9.42809939e-01
  9.44922209e-01  9.99433696e-01  9.89704728e-01  9.45903540e-01
  9.97081518e-01  9.84981477e-01  9.98058677e-01  9.55854475e-01
  4.46191616e-02  3.15866917e-02  3.60831730e-02 -3.00021637e-02
  1.73449963e-02 -4.23703343e-02  3.26768160e-02  1.00652147e-02
  3.51860151e-02 -4.61328514e-02 -1.12998355e-02 -1.29801678e-02
 -4.25425265e-03  7.25345453e-03  3.66571508e-02 -4.01545055e-02
  4.52991202e-02  1.22237559e-02 -4.74121198e-02  7.48217432e-03
  4.00703512e-02  3.67719755e-02  4.44319844e-02  2.10408936e-04
  1.03440555e-02  3.64178568e-02  3.92406397e-02  3.36230583e-02
 -3.90685536e-02 -3.25914174e-02  6.17505936e-03 -4.05352041e-02
 -1.18662352e-02 -7.27713155e-03  2.63828747e-02 -3.16988491e-02
 -1.74280326e-03 -1.05661815e-02 -5.35880076e-03 -2.80771125e-02
 -2.13297289e-02 -2.31891051e-02  1.40766446e-02 -4.55667712e-02
 -3.21306661e-02 -4.74001132e-02 -1.53792910e-02 -2.77363267e-02
 -2.90623326e-02 -3.36633325e-02  4.13454995e-02 -3.16684619e-02
  1.36609543e-02 -3.21682431e-02  1.01031456e-02 -3.20435502e-02
  2.46393867e-02 -2.00849157e-02 -2.87203230e-02 -7.20338663e-03
 -2.58813184e-02  7.58834998e-04  2.60987058e-02 -2.22388823e-02
  2.37346329e-02  7.32606743e-04  4.03501727e-02 -4.02964428e-02
 -2.53996067e-02  1.45364553e-02 -3.26593183e-02  7.67920166e-03
 -2.27443017e-02  2.95487568e-02 -4.39802706e-02  6.81874854e-03
 -4.11491543e-02 -3.59871052e-02 -3.31795551e-02 -1.20431371e-02
 -5.09995082e-03 -1.41598750e-02 -6.88250689e-03 -2.42468994e-02
 -1.59302950e-02 -6.41640043e-03 -4.57125297e-03 -1.36650100e-01
 -1.28259221e-02 -2.19200049e-02 -4.33072113e-02 -1.52052388e-01
 -6.22337312e-02 -1.39440056e-02 -6.44150004e-03 -5.90828108e-03
 -1.20133134e-02 -4.69722673e-02 -1.86592378e-02 -4.88057695e-02
 -2.38080081e-02 -2.32915152e-02 -8.20673630e-03 -5.51261865e-02
 -6.84137121e-02 -2.68980432e-02 -4.77720145e-03 -1.19984383e-02
 -5.11650287e-04 -4.33425456e-02 -9.12298169e-03 -5.88396518e-03
 -3.78579684e-02 -4.42927592e-02 -1.40368575e-02 -1.02315359e-02
 -9.03411731e-02 -1.28075844e-02 -1.71541274e-02 -4.18394059e-03
 -3.18556209e-03 -1.91541370e-02 -1.06699280e-02 -1.58117507e-02
 -1.83027443e-02 -1.91716924e-02 -4.52664346e-02 -5.44814393e-03
 -2.47508343e-02 -1.70219820e-02 -6.40938617e-03 -2.25838809e-03
 -1.44533226e-02 -6.35952456e-03 -3.79913785e-02 -6.38206024e-04
 -5.16673317e-03 -6.31246343e-02 -3.68636893e-03 -6.70154467e-02
 -1.18529480e-02 -5.66266701e-02 -2.22834852e-02 -1.37915090e-01
 -1.55542260e-02 -1.29138334e-02 -8.45235214e-03 -1.20184887e-02
 -6.96630776e-03 -2.55697146e-02 -1.63414441e-02 -7.35573918e-02
 -7.94610903e-02 -1.45024539e-03 -1.53719811e-02 -7.66447410e-02
 -2.92631623e-04 -1.63921919e-02 -3.39279743e-03 -7.22774118e-02]
lstm_1/lstm_cell_1/kernel:0
(80, 400)
[[-0.04532966  0.06203319  0.04411172 ... -0.09122805  0.0506769
  -0.06663202]
 [ 0.03353363 -0.00688295  0.11142333 ... -0.07551602  0.11451519
  -0.07091946]
 [ 0.02691554  0.02879358 -0.01961025 ...  0.08403078 -0.10470799
   0.01294785]
 ...
 [ 0.08389131 -0.04334535  0.04738997 ...  0.00111605  0.10882816
  -0.07966862]
 [ 0.005827    0.05692106  0.0517686  ... -0.01242429  0.00924586
   0.06256589]
 [ 0.13850364 -0.03767748 -0.09179101 ... -0.03586987 -0.02717281
  -0.01383407]]
lstm_1/lstm_cell_1/recurrent_kernel:0
(100, 400)
[[-0.04878739 -0.11972471 -0.05291074 ... -0.06275219 -0.06562238
  -0.02663921]
 [ 0.01738643  0.00046604 -0.08680508 ... -0.02187038  0.00893763
   0.03490751]
 [ 0.0297457   0.02896201  0.12285954 ...  0.05043761 -0.11163414
   0.05437523]
 ...
 [-0.00373149 -0.0182741  -0.01175936 ... -0.01216895 -0.03954118
   0.06757493]
 [ 0.00884589  0.07533743 -0.09381074 ... -0.05643567 -0.08561909
  -0.03696329]
 [-0.02161496  0.02873592  0.04284985 ...  0.01970631  0.11763986
   0.03881504]]
lstm_1/lstm_cell_1/bias:0
(400,)
[-1.09348660e-02 -5.41383363e-02 -3.77371758e-02 -2.59381365e-02
 -1.76955946e-02 -4.66511846e-02 -1.88352372e-02 -6.09540530e-02
 -1.91571396e-02 -1.13857025e-02 -9.04140901e-03 -3.13986018e-02
 -6.16198312e-03 -2.16840878e-02 -5.17759807e-02 -3.06982938e-02
 -5.83448038e-02 -5.78370802e-02 -3.67467515e-02 -8.74179322e-03
 -9.81500372e-03 -4.93720658e-02 -1.19886808e-02 -1.96245983e-02
 -4.08838838e-02 -2.73728780e-02 -5.36850318e-02 -1.50821423e-02
 -1.92167088e-02 -2.80519668e-02 -2.19471124e-03 -2.64594425e-02
 -1.88720487e-02 -5.09450026e-02 -7.78191164e-02 -1.43941073e-02
 -2.55457368e-02 -5.30859306e-02 -1.82177536e-02 -1.47193167e-02
 -3.70938964e-02 -4.08638082e-02 -4.00049016e-02 -5.35112107e-03
 -5.10766581e-02 -1.95617247e-02 -2.10807826e-02 -1.49547216e-02
 -8.27288404e-02 -5.63173145e-02 -2.14577001e-02 -4.36209254e-02
 -1.60606634e-02 -4.24934290e-02 -4.79454584e-02 -6.02197759e-02
 -1.66764390e-02 -1.71950292e-02 -4.04608902e-03 -2.10484099e-02
 -2.90071927e-02 -4.61345874e-02 -1.98354963e-02 -8.00863095e-03
 -3.38657200e-02 -4.29447778e-02 -5.96740320e-02 -1.68317445e-02
 -5.75991999e-03 -1.43550672e-02 -6.91964403e-02 -2.26764735e-02
 -2.97035091e-02 -2.16044765e-02 -3.08630783e-02 -6.05880246e-02
 -2.77183149e-02 -6.61473349e-02 -2.30263509e-02 -2.82305907e-02
 -2.29235198e-02 -1.34765012e-02 -2.07691547e-02 -3.07476930e-02
 -3.11993379e-02 -9.96879954e-03 -9.95441806e-03  2.53792573e-03
 -2.39628516e-02 -1.96874496e-02 -2.88569685e-02 -2.79431138e-02
 -2.52914708e-02 -5.82193583e-02 -2.78435778e-02 -2.07866263e-02
 -2.26391628e-02 -1.79462302e-02 -1.36499004e-02 -1.40636852e-02
  1.00799799e+00  9.65706289e-01  9.72572923e-01  9.97108757e-01
  9.87862051e-01  9.66081023e-01  9.91005361e-01  9.59416866e-01
  9.86526310e-01  1.00295639e+00  1.00740147e+00  9.78027582e-01
  1.00596666e+00  9.87660527e-01  9.70536292e-01  9.81396079e-01
  9.54348326e-01  9.58286464e-01  9.73429084e-01  1.00853658e+00
  1.00191998e+00  9.57202554e-01  9.97862577e-01  9.98020768e-01
  9.80062902e-01  9.91514206e-01  9.63114440e-01  9.88060474e-01
  9.83117521e-01  9.86205220e-01  1.01753068e+00  9.92263973e-01
  9.90924478e-01  9.65142965e-01  9.45167899e-01  9.93786693e-01
  9.94956970e-01  9.70808208e-01  9.90401149e-01  1.00082731e+00
  9.74126220e-01  9.78372276e-01  9.70749855e-01  1.01240540e+00
  9.85428154e-01  9.96206880e-01  9.84094501e-01  1.00254667e+00
  9.48466599e-01  9.66458857e-01  9.98949289e-01  9.72673178e-01
  9.98933673e-01  9.64461446e-01  9.63271201e-01  9.66642797e-01
  9.96590674e-01  9.97204840e-01  1.01456463e+00  9.90298510e-01
  9.88575697e-01  9.71201837e-01  9.95963573e-01  1.00412285e+00
  9.94460046e-01  9.57144022e-01  9.70556617e-01  9.93129313e-01
  1.00799203e+00  9.98640954e-01  9.51868892e-01  9.90430355e-01
  9.80640829e-01  1.00170922e+00  9.80361462e-01  9.57627237e-01
  9.84736085e-01  9.57149923e-01  9.97011542e-01  9.89237189e-01
  1.00349545e+00  9.99269009e-01  9.90787625e-01  9.79643941e-01
  9.79875505e-01  1.00108707e+00  1.00075674e+00  1.02042735e+00
  9.89357948e-01  9.97048676e-01  9.87071335e-01  9.87403750e-01
  9.83594537e-01  9.68763769e-01  9.85623538e-01  9.96016443e-01
  9.91944373e-01  9.91581738e-01  1.00360060e+00  1.00454199e+00
  1.88374668e-02  1.77556202e-02 -4.80003189e-03 -1.23859914e-02
 -2.03169137e-02  9.62326583e-03  1.35795083e-02  9.36517958e-03
 -7.17747910e-03  1.92450937e-02  1.99125689e-02  9.92418732e-03
 -2.15287395e-02  1.85608920e-02 -1.34743704e-02  1.84275247e-02
 -1.84355602e-02 -2.07249750e-03 -1.73345581e-02 -1.86229069e-02
  2.14990526e-02  1.23025393e-02 -1.84408631e-02 -2.39502657e-02
  2.31164810e-03 -1.53720928e-02 -9.95834544e-03 -3.29420762e-03
 -4.96343989e-03 -2.25450061e-02  1.52834021e-02  1.44013204e-02
 -1.99120715e-02  8.99578538e-03  1.04932776e-02  1.91033874e-02
  3.41014192e-03 -1.00647090e-02  1.63167957e-02  2.00867746e-02
 -2.19238717e-02 -2.20682230e-02  1.58275813e-02 -2.31602807e-02
  2.45246477e-02  1.69242620e-02 -1.45992534e-02  2.82802917e-02
  1.08577861e-02 -1.45082101e-02  8.62526242e-03 -2.98048537e-02
  6.90402696e-03 -8.52315687e-03  4.19985474e-04 -1.59863885e-02
  1.48343164e-02 -2.03241054e-02 -2.23384593e-02  1.96186695e-02
 -1.89293623e-02  1.24949785e-02  1.63995270e-02  2.30576079e-02
 -1.54179912e-02 -1.28895072e-02 -2.19456982e-02 -1.78385470e-02
 -1.74076185e-02 -2.12741345e-02  1.67564619e-02 -1.56923607e-02
  2.00874489e-02 -1.57430749e-02  1.63160022e-02  1.88229233e-03
  2.00412888e-02 -2.10231114e-02  1.19888708e-02  2.02635359e-02
 -2.12886091e-02 -1.78660359e-02 -1.18835466e-02  3.75762954e-03
  5.37621137e-03  2.49692146e-02  2.01925617e-02  3.59956399e-02
  1.21506527e-02  1.47048440e-02 -5.06629748e-03 -9.04276222e-03
 -9.74712707e-03  1.84091870e-02 -1.21569484e-02  2.12177876e-02
  2.00770497e-02  1.93406139e-02  2.06688885e-02 -1.69343688e-02
 -1.34233246e-02 -5.65515719e-02 -3.88853364e-02 -2.79179718e-02
 -1.85518302e-02 -4.81706373e-02 -2.11023986e-02 -6.32837191e-02
 -2.02073883e-02 -1.16287135e-02 -1.01136211e-02 -3.29967849e-02
 -8.21282994e-03 -2.22631134e-02 -5.37145510e-02 -3.20739895e-02
 -5.67622930e-02 -5.83141781e-02 -3.87263633e-02 -1.03973765e-02
 -1.03909774e-02 -5.21255136e-02 -1.21782310e-02 -2.05005389e-02
 -4.32864651e-02 -2.85513699e-02 -5.53541034e-02 -1.50244217e-02
 -1.99188497e-02 -2.91251820e-02 -2.66610505e-03 -2.79176589e-02
 -1.80815216e-02 -5.30806705e-02 -7.96827748e-02 -1.40183065e-02
 -2.62587331e-02 -5.63449971e-02 -1.81638300e-02 -1.68411490e-02
 -3.82971168e-02 -4.11254577e-02 -4.11875881e-02 -7.11589260e-03
 -5.20670563e-02 -2.05455255e-02 -2.17042342e-02 -1.60509534e-02
 -8.59755799e-02 -5.95331155e-02 -2.16881614e-02 -4.50457074e-02
 -1.74336638e-02 -4.38751504e-02 -4.86604348e-02 -6.31639734e-02
 -1.66686885e-02 -1.81402899e-02 -5.84003143e-03 -2.18882039e-02
 -3.01287360e-02 -4.62890528e-02 -2.03799065e-02 -9.01497062e-03
 -3.55604850e-02 -4.56138067e-02 -6.16596229e-02 -1.74825862e-02
 -6.90356921e-03 -1.52704949e-02 -7.23079145e-02 -2.42259838e-02
 -3.08528040e-02 -2.23721769e-02 -3.35238427e-02 -6.11331612e-02
 -2.83153001e-02 -6.92182705e-02 -2.45891772e-02 -2.96731759e-02
 -2.52492670e-02 -1.33789955e-02 -2.11108290e-02 -3.16385217e-02
 -3.36816013e-02 -1.10607976e-02 -1.02671599e-02  3.63812578e-04
 -2.43813377e-02 -2.14081556e-02 -3.21134366e-02 -3.01175322e-02
 -2.52067409e-02 -5.96807785e-02 -2.80650537e-02 -2.27069650e-02
 -2.29599904e-02 -1.75519623e-02 -1.46243423e-02 -1.42533109e-02]
dense/kernel:0
(100, 1)
[[ 0.10507172]
 [ 0.1127176 ]
 [-0.13546245]
 [-0.11201839]
 [-0.16602331]
 [ 0.20760556]
 [ 0.08120591]
 [ 0.13495971]
 [-0.10213034]
 [ 0.09642112]
 [ 0.16951306]
 [ 0.07038846]
 [-0.11301222]
 [ 0.20628087]
 [-0.17283183]
 [ 0.15672766]
 [-0.13630435]
 [ 0.17558384]
 [-0.12761955]
 [-0.07942613]
 [ 0.11804834]
 [ 0.14017601]
 [-0.17585826]
 [-0.20881033]
 [-0.07850116]
 [-0.16030808]
 [-0.20461574]
 [-0.09593442]
 [ 0.06441261]
 [-0.18278205]
 [ 0.07064403]
 [ 0.09202045]
 [-0.14051205]
 [ 0.09205315]
 [ 0.07212614]
 [ 0.13648082]
 [-0.11224177]
 [-0.09001601]
 [ 0.20317382]
 [ 0.1059681 ]
 [-0.19901428]
 [-0.2135461 ]
 [ 0.16862749]
 [-0.09629926]
 [ 0.0755413 ]
 [ 0.16022407]
 [-0.14379555]
 [ 0.11762583]
 [ 0.20010604]
 [-0.16251042]
 [ 0.07678714]
 [-0.19544816]
 [ 0.0420245 ]
 [-0.15579604]
 [ 0.16659538]
 [-0.07471327]
 [ 0.1595763 ]
 [-0.12259606]
 [-0.08481705]
 [ 0.13977487]
 [-0.21714102]
 [ 0.1665018 ]
 [ 0.10382345]
 [ 0.13465214]
 [-0.16288073]
 [-0.12278312]
 [-0.22640367]
 [-0.17419246]
 [-0.04775995]
 [-0.18532413]
 [ 0.20859183]
 [-0.13565089]
 [ 0.10298203]
 [-0.06867326]
 [ 0.06809588]
 [-0.06967066]
 [ 0.15281805]
 [-0.11394057]
 [ 0.06325157]
 [ 0.11298312]
 [-0.1452732 ]
 [-0.17350397]
 [-0.12310644]
 [ 0.11092975]
 [ 0.08996168]
 [ 0.17917804]
 [ 0.09611262]
 [ 0.08996885]
 [ 0.20067185]
 [ 0.1292017 ]
 [-0.06854732]
 [-0.09615447]
 [-0.1856386 ]
 [ 0.1583139 ]
 [-0.09964135]
 [ 0.16240233]
 [ 0.11891849]
 [ 0.14992474]
 [ 0.12090746]
 [-0.12927063]]
dense/bias:0
(1,)
[0.26519164]
